16300
15204
19564
19432
19676
19844
17544
17828
18016
16464
15128
15560
17588
19640
21976
17628
17884
18064
16624
15188
17672
17568
19704
19808
19624
17780
15620
16516
17484
19720
17740
19892
19764
17580
17552
17592
16504
17280
19700
19816
19724
19868
17596
17716
15672
16452
17164
17664
19608
19720
19596
17460
17600
17764
16664
15264
15760
17696
21872
19972
19620
17804
15864
16580
15264
15584
19588
19796
19904
19852
17692
15940
16612
17352
19772
19480
19624
19864
19700
17660
18076
16512
17416
19472
17676
21780
19808
19656
17660
17920
