48432
39984
46312
46268
40444
46808
39244
46124
46256
54304
39820
40040
40184
46520
40640
38968
39040
45872
54376
44944
46840
40124
40364
46700
46532
46752
39464
53584
39196
45388
46304
40320
42748
38972
41076
39824
54060
44752
46444
40152
40472
48896
40748
45924
39844
48484
38904
39280
46264
40464
40708
46788
47052
40664
48212
38976
39584
48364
46552
48908
46596
40848
40076
53568
39768
45856
40208
46544
40556
40620
40736
38908
53992
39224
40284
46216
40460
46868
40688
39988
39144
48300
38632
40408
42168
46592
46788
39276
39876
40816
