57420
57160
57288
57288
57160
57288
57288
57160
57160
57420
57160
57288
57288
57288
57288
57288
57160
57160
57420
57160
57288
57288
57288
57160
57160
57160
57288
57420
57160
57288
57288
57160
57160
57288
57160
57160
57420
57160
57160
57288
57288
57288
57288
57288
57160
57420
57160
57288
57288
57288
57160
57160
57160
57160
57420
57160
57288
57160
57288
57160
57160
57288
57160
57420
57160
57288
57288
57160
57160
57288
57160
57160
57420
57160
57288
57288
57288
57160
57160
57288
57288
57420
57160
57288
57288
57288
57288
57288
57160
57160
