308316
300772
301292
301032
301292
301552
301292
301292
301032
308316
300772
301292
301032
301292
301552
301292
301292
301032
308316
300772
301292
301032
301292
301552
301292
301292
301032
308316
300772
301292
301032
301292
301552
301292
301292
301032
308316
300772
301292
301032
301292
301552
301292
301292
301032
308316
300772
301292
301032
301292
301552
301292
301292
301032
308316
300772
301292
301032
301292
301552
301292
301292
301032
308316
300772
301292
301032
301292
301552
301292
301292
301032
308316
300772
301292
301032
301292
301552
301292
301292
301032
308316
300772
301292
301032
301292
301552
301292
301292
301032
