1041036
1040776
1041296
1041036
1041296
1041556
1041296
1041296
1041036
1041036
1040776
1041296
1041036
1041296
1041556
1041296
1041296
1041036
1041036
1040776
1041296
1041036
1041296
1041556
1041296
1041296
1041036
1041036
1040776
1041296
1041036
1041296
1041556
1041296
1041296
1041036
1041036
1040776
1041296
1041036
1041296
1041556
1041296
1041296
1041036
1041036
1040776
1041296
1041036
1041296
1041556
1041296
1041296
1041036
1041036
1040776
1041296
1041036
1041296
1041556
1041296
1041296
1041036
1041036
1040776
1041296
1041036
1041296
1041556
1041296
1041296
1041036
1041036
1040776
1041296
1041036
1041296
1041556
1041296
1041296
1041036
1041036
1040776
1041296
1041036
1041296
1041556
1041296
1041296
1041036
