0.01445198
0.01508498
0.02694392
0.01515222
0.01650500
0.02606416
0.01384091
0.01548886
0.03969288
0.01356697
0.02937293
0.02049899
0.01418090
0.02523899
0.02314091
0.02362108
0.02124906
0.02367401
0.02039480
0.01924515
0.02351594
0.02331114
0.02367210
0.07338095
0.01699090
0.03256083
0.02278209
0.03392100
0.02086902
0.02603793
0.02695179
0.02239919
0.01785994
0.02120090
0.02214003
0.02707005
0.02461386
0.04382896
0.02823210
0.02908182
0.02231812
0.01641488
0.02987313
0.02693295
0.02249408
0.02413487
0.02451181
0.02700496
0.01374602
0.01941800
0.02173114
0.02362418
0.02262497
0.01732802
0.02252007
0.03870702
0.02427411
0.01524210
0.01797915
0.01690006
0.02014899
0.10291791
0.02120113
0.02033782
0.02216697
0.02126503
0.01784182
0.01502299
0.01508021
0.21436405
0.01835799
0.01598310
0.01818395
0.01453805
0.02655816
0.01497006
0.01440310
0.02375197
0.02363515
0.01587391
0.02486897
0.01717305
0.02633810
0.02402902
0.03415990
0.02417898
0.01841903
0.03412986
0.01752591
0.01315689
0.01312995
0.01730299
0.01336813
0.01571512
0.01762104
0.01912093
0.02184510
0.01358390
0.01833296
0.01594400
