10556
10772
10620
10772
10784
10712
10596
10572
10924
10620
10628
10712
10500
10764
10568
10500
10612
10628
10572
10784
10824
10680
10824
10700
10616
10568
10836
10772
10788
10580
10568
10664
10644
10788
10668
10668
10532
10500
10748
10724
10664
10664
10772
10924
10668
10748
10740
10836
10784
10568
10556
10580
10628
10836
10628
10720
10664
10788
10580
10648
10732
10612
10784
10680
10664
10852
10664
10928
10784
10664
10556
10712
10616
10580
10656
10572
10880
10644
10536
10824
10612
10776
10764
10592
10676
10584
10644
10704
10612
10824
10668
10596
10532
10676
10616
10676
10652
10612
10644
10764
