55240
55240
54980
54980
54980
54980
54980
54980
54980
55240
55240
54980
54980
54980
54980
54980
54980
54980
55240
55240
54980
54980
54980
54980
54980
54980
54980
55240
55240
54980
54980
54980
54980
54980
54980
54980
55240
55240
54980
54980
54980
54980
54980
54980
54980
55240
55240
54980
54980
54980
54980
54980
54980
54980
55240
55240
54980
54980
54980
54980
54980
54980
54980
55240
55240
54980
54980
54980
54980
54980
54980
54980
55240
55240
54980
54980
54980
54980
54980
54980
54980
55240
55240
54980
54980
54980
54980
54980
54980
54980
