22064
23596
23428
23600
23560
23428
23560
23604
29600
29580
23572
23568
23496
23440
23552
23548
21932
23428
25052
23512
23500
23600
23464
23584
23428
23556
23508
23512
29728
23608
23496
23472
22048
23484
23508
23440
23508
23532
23584
23556
23556
29692
23584
23488
23508
23584
23548
23624
28064
23596
23576
23500
23524
23512
23604
23576
23544
23600
29564
23444
23472
23600
23620
23540
21940
23484
23456
23572
23440
23580
23640
23556
23576
23584
23476
23524
23480
23500
23580
23504
30028
23584
23600
23624
23452
23544
23604
23576
23612
23512
23628
23584
29680
29720
23536
23484
21956
23424
23488
23556
23600
23600
23428
23536
23512
23536
23568
23616
23520
23544
23516
23492
22972
29712
23508
23512
23604
23468
23556
23548
23508
23432
23588
23564
29712
23608
23468
23568
22036
23576
23600
23448
23428
23640
23520
23592
23600
23572
23480
23488
23416
23492
23436
23592
21988
23556
23496
23620
23484
23544
23632
23452
23540
23516
23460
23472
23564
23508
23568
23496
