8672
9284
9232
9296
8464
8484
8484
9200
9164
8672
8488
9124
9224
9056
9192
9088
9268
8656
8608
9244
9340
9108
8496
9272
9300
9168
8600
8696
8516
8492
8992
9152
8652
9056
8524
9008
9316
9096
8704
9396
9176
8680
9292
8700
8476
8432
8600
9268
9160
9168
9272
8672
9308
8652
8672
9096
8696
8700
8468
8668
9044
8496
8480
9356
9228
9272
8476
9224
8700
9168
8676
9188
9304
8488
8516
9208
8672
9200
8604
9288
9284
9352
8436
9156
9272
9336
9172
9232
9220
8448
8680
8680
9132
9152
8572
9268
9228
8600
8676
8924
9340
9156
9196
8704
9356
8452
8596
8564
8668
9088
8700
9128
8484
9076
9088
9128
8460
9280
8672
8608
9392
9308
9296
9376
8700
8564
8520
9040
8524
9268
8700
9312
9192
9096
9248
9364
8680
9164
9228
9220
8680
9356
9356
9056
9156
9056
8496
9252
9312
9020
8676
9200
9312
8496
8440
8568
8672
9348
8480
9152
