123176
101172
101752
101084
103068
103052
103076
103104
103028
103136
102988
102920
101812
101916
101748
101528
122432
101520
101120
101800
102948
103128
103040
103092
103080
102996
103068
103056
101044
101752
101100
101900
121788
101456
101324
101364
103108
102956
103152
103064
103180
103016
103152
103108
101416
101784
101312
101124
123316
87532
101540
101596
102980
102808
102832
96176
102852
102264
102908
102880
101304
101588
101284
101740
122312
101664
101468
101956
102940
103048
103080
103120
103100
103144
103176
103016
101908
101088
101148
101052
122376
101216
101624
101816
103164
103128
103084
103092
103080
103052
103112
103124
101428
101528
101472
102008
122220
101416
101232
101248
102948
103084
103032
103132
103040
103108
103168
102988
101860
101612
101616
101780
121644
101812
101732
102116
103136
103164
103128
103072
103060
103068
103100
103192
100988
101916
101464
101708
121660
101236
101836
101600
103072
102980
102988
103124
103064
103108
103176
103004
101560
101964
101316
101792
122364
101472
102004
101376
103064
103072
103176
103144
103084
102956
102964
103020
101244
102024
101412
101152
