8476
9116
9120
8436
8652
9156
8628
9208
8692
9148
9152
8584
8436
8568
9212
8564
8476
8516
8484
8520
8704
8920
8496
8944
8648
8496
8496
9308
8600
8436
8432
9164
8516
8596
9072
8512
9064
9168
9100
9156
8600
8524
8476
9212
8600
8456
8436
8672
8452
8568
8676
8520
8524
8700
8684
8484
9272
8452
9272
8520
8380
9004
9004
9024
9124
8492
8684
9344
8480
9048
8524
8924
8668
9268
8476
8456
8516
9016
8440
9304
9208
8520
8684
8604
8528
8704
9344
8656
8704
8520
8704
8564
9052
9188
8456
8476
8564
8568
8452
8524
9344
8516
8500
8688
8700
8696
8696
8492
8384
8696
8516
8492
8480
9076
9124
8484
8688
8524
8572
8604
9004
8396
8512
8432
8520
8476
8924
9084
8520
8688
8516
8436
8708
8480
8672
8524
8696
8980
8648
8436
8516
8924
9116
8668
8472
8528
8528
8676
9044
9156
9232
8604
9132
9000
8428
9164
8520
8924
8384
8416
