12064
11824
11864
11908
12084
12020
11936
12016
11968
12004
11712
11944
11900
11972
11944
11884
11956
11936
12092
11808
11968
11800
12008
9984
11872
9960
11984
12104
11732
11948
11928
11940
11948
11940
11952
9836
10140
11732
9952
9984
9884
11964
9956
9932
11948
12100
11784
11884
11800
12040
12060
11936
9936
10000
12036
9792
11984
11952
9988
9956
11912
12004
11960
10060
11872
11948
11840
12056
12024
12040
11960
12072
11900
9680
9956
11856
11908
9920
11976
11968
11932
12128
11808
9984
11808
11964
10068
12012
11984
9896
