124448
111096
104916
112532
114884
113080
111548
113004
110824
129784
104296
111528
112456
114736
106940
111312
113144
111268
129348
111032
111132
112464
114720
115032
112708
112996
112672
130300
110488
111192
114532
112720
113044
111128
113120
111136
129136
110640
104944
114476
106684
112916
111168
112804
111072
129792
112528
111120
114512
106500
113000
111416
111332
112668
129700
110672
111148
112492
114724
113028
111744
111488
111008
130056
110984
111452
112508
106580
112968
106812
105560
106600
129468
112532
111744
106396
114832
113004
105604
105012
104724
129336
112444
111236
112384
108724
113044
105504
112864
111276
