23064
29596
23876
23680
23852
24184
23900
23820
23668
23120
23396
23948
23596
23956
24172
23844
23888
23696
29228
23400
23992
23568
23928
24132
23904
23824
23628
22932
23424
23908
23676
23948
24128
23792
23932
23588
23052
23424
24004
23716
24004
24120
23896
23984
23732
22920
29540
30056
23580
23808
24228
23912
23996
23636
23044
23344
23908
23616
30084
24144
23992
23996
23732
22960
23288
23840
23692
23972
24052
23844
23980
23780
23020
23288
23852
23620
23924
24076
23928
23956
23676
23000
23276
23956
23652
23888
24204
29932
23852
23668
