117852
115768
116288
116028
116288
116548
116288
116288
116028
117852
115768
116288
116028
116288
116548
116288
116288
116028
117852
115768
116288
116028
116288
116548
116288
116288
116028
117852
115768
116288
116028
116288
116548
116288
116288
116028
117852
115768
116288
116028
116288
116548
116288
116288
116028
117852
115768
116288
116028
116288
116548
116288
116288
116028
117852
115768
116288
116028
116288
116548
116288
116288
116028
117852
115768
116288
116028
116288
116548
116288
116288
116028
117852
115768
116288
116028
116288
116548
116288
116288
116028
117852
115768
116288
116028
116288
116548
116288
116288
116028
