53108
53108
53108
53108
53108
53108
53108
53108
53108
53108
53108
53108
53108
53108
53108
53108
53108
53108
53108
53108
53108
53108
53108
53108
53108
53108
53108
53108
53108
53108
53108
53108
53108
53108
53108
53108
53108
53108
53108
53108
53108
53108
53108
53108
53108
53108
53108
53108
53108
53108
53108
53108
53108
53108
53108
53108
53108
53108
53108
53108
53108
53108
53108
53108
53108
53108
53108
53108
53108
53108
53108
53108
53108
53108
53108
53108
53108
53108
53108
53108
53108
53108
53108
53108
53108
53108
53108
53108
53108
53108
