53292
53292
53292
53292
53292
53292
53292
53292
53292
53292
53292
53292
53292
53292
53292
53292
53292
53292
53292
53292
53292
53292
53292
53292
53292
53292
53292
53292
53292
53292
53292
53292
53292
53292
53292
53292
53292
53292
53292
53292
53292
53292
53292
53292
53292
53292
53292
53292
53292
53292
53292
53292
53292
53292
53292
53292
53292
53292
53292
53292
53292
53292
53292
53292
53292
53292
53292
53292
53292
53292
53292
53292
53292
53292
53292
53292
53292
53292
53292
53292
53292
53292
53292
53292
53292
53292
53292
53292
53292
53292
