53976
53976
53976
53976
53976
53976
53976
53976
53976
53976
53976
53976
53976
53976
53976
53976
53976
53976
53976
53976
53976
53976
53976
53976
53976
53976
53976
53976
53976
53976
53976
53976
53976
53976
53976
53976
53976
53976
53976
53976
53976
53976
53976
53976
53976
53976
53976
53976
53976
53976
53976
53976
53976
53976
53976
53976
53976
53976
53976
53976
53976
53976
53976
53976
53976
53976
53976
53976
53976
53976
53976
53976
53976
53976
53976
53976
53976
53976
53976
53976
53976
53976
53976
53976
53976
53976
53976
53976
53976
53976
