	45.65645480
42.75167799
42.23148394
42.17667699
43.77263999
42.36649990
38.68211484
42.19197083
40.37224197
38.13693118
41.70542002
38.86483192
40.15388894
39.55379605
42.20056105
39.32602000
43.06716204
41.08241701
38.70279408
37.40766096
38.09671807
37.47817206
42.35192490
40.11863494
40.69882703
36.88525200
37.95481491
38.28990602
39.91584206
40.55640101
38.48222589
41.71082711
59.29877090
52.10148692
39.57805514
38.63068104
35.56947708
39.59746194
42.86941099
42.58252311
40.20592403
43.67976689
40.72498798
39.74466801
38.27826786
44.27493811
41.22994304
38.13907409
39.28635597
37.37168598
35.76510882
34.74618292
36.16386509
38.95674586
37.12088108
37.23150301
35.30114293
38.05710506
39.20479417
38.03511095
36.92931008
37.26119900
38.12889099
36.50229502
39.24902010
37.99778795
33.83347893
35.79996896
35.65454507
33.69600487
37.08942699
34.60741282
36.44499898
35.81102395
40.28335905
38.16437411
37.29792905
37.44110203
38.39220190
36.71353698
36.34314990
35.49617195
39.01063490
37.58236814
38.33593917
36.75331903
36.78546810
36.85019493
39.10374093
35.64773393
40.27861786
37.14679384
38.80573177
39.55355120
36.56462407
37.45047879
37.52523112
37.00058889
38.35136604
37.96939492
