34996
34844
34800
34844
34760
34908
34812
34780
34836
34908
34788
34788
34764
36856
35028
34892
36608
34912
34752
34792
34800
34780
35020
34876
34744
35032
34804
34920
34708
34880
34824
35104
35124
34920
34892
34772
35036
35028
34788
34892
34744
34828
34860
34824
34908
34916
34892
35008
34824
34788
34812
34912
34824
35036
34920
34856
34816
34856
34984
34828
34960
34908
34788
34776
34924
35068
35028
34772
34892
34876
34824
35020
35024
34744
34776
34992
34852
34824
34912
34800
35028
34864
35016
34780
35072
34984
34780
34888
34812
34824
34816
34792
34800
34824
34828
35004
34856
35068
34908
34896
