23104
23432
23884
29760
23996
24212
23864
23968
23712
23092
23364
23876
23712
30100
24052
23952
23952
23700
22984
23260
24008
23600
23928
30316
23936
23912
23724
23036
23400
23964
23716
23932
24100
23848
23948
23704
23064
23388
24004
23676
23936
24092
23804
23916
23772
29032
23408
23788
23672
23852
24236
23952
23996
23632
23048
23292
23888
23752
23900
24048
23916
23940
23712
23124
23396
24016
23660
23832
24184
30032
23820
23708
22948
23296
23860
23584
30144
24132
23968
23828
23720
23012
29432
23832
23780
23972
24060
23948
23928
23676
