130076
104832
113052
108344
114760
113036
111316
111408
111024
130348
110832
111680
114432
112876
113040
112880
111536
111484
130076
112372
106832
114516
114900
113052
112904
105528
112636
130360
112264
111696
112512
112660
113020
111028
111244
112524
130472
112240
111656
106416
114776
112920
111724
113016
112640
124596
112520
105248
114516
112860
113068
111000
111364
110868
129236
112216
111608
112516
112680
106908
112852
112740
112720
129760
112412
111820
114576
106588
113020
111580
111204
110904
128880
111116
111364
114628
112736
113108
113152
112944
111116
129900
110956
105308
114568
114716
107020
111432
111368
104988
