54248
39808
45660
42180
40348
42708
40524
41120
39952
53664
45112
45236
40156
42376
48788
38852
46404
40572
53940
40276
39216
42212
42360
48856
40480
40880
39808
53748
38852
40544
46180
46524
46824
45140
39512
39240
54128
45708
40436
48224
42440
40564
45316
46412
40736
53860
44656
39716
46168
40324
40592
38972
40192
45388
53784
45452
46016
46348
40360
46816
38936
46012
40516
53576
40272
40460
46320
48612
48944
47380
40036
39868
54476
45808
46956
42252
42364
40636
39088
40736
40472
54240
39600
45512
46204
48604
42800
39164
39496
46316
