117860
115780
116300
116040
116300
116560
116300
116300
116040
117860
115780
116300
116040
116300
116560
116300
116300
116040
117860
115780
116300
116040
116300
116560
116300
116300
116040
117860
115780
116300
116040
116300
116560
116300
116300
116040
117860
115780
116300
116040
116300
116560
116300
116300
116040
117860
115780
116300
116040
116300
116560
116300
116300
116040
117860
115780
116300
116040
116300
116560
116300
116300
116040
117860
115780
116300
116040
116300
116560
116300
116300
116040
117860
115780
116300
116040
116300
116560
116300
116300
116040
117860
115780
116300
116040
116300
116560
116300
116300
116040
