53120
53120
53120
53120
53120
53120
53120
53120
53120
53120
53120
53120
53120
53120
53120
53120
53120
53120
53120
53120
53120
53120
53120
53120
53120
53120
53120
53120
53120
53120
53120
53120
53120
53120
53120
53120
53120
53120
53120
53120
53120
53120
53120
53120
53120
53120
53120
53120
53120
53120
53120
53120
53120
53120
53120
53120
53120
53120
53120
53120
53120
53120
53120
53120
53120
53120
53120
53120
53120
53120
53120
53120
53120
53120
53120
53120
53120
53120
53120
53120
53120
53120
53120
53120
53120
53120
53120
53120
53120
53120
