1041048
1040788
1041308
1041048
1041308
1041568
1041308
1041308
1041048
1041048
1040788
1041308
1041048
1041308
1041568
1041308
1041308
1041048
1041048
1040788
1041308
1041048
1041308
1041568
1041308
1041308
1041048
1041048
1040788
1041308
1041048
1041308
1041568
1041308
1041308
1041048
1041048
1040788
1041308
1041048
1041308
1041568
1041308
1041308
1041048
1041048
1040788
1041308
1041048
1041308
1041568
1041308
1041308
1041048
1041048
1040788
1041308
1041048
1041308
1041568
1041308
1041308
1041048
1041048
1040788
1041308
1041048
1041308
1041568
1041308
1041308
1041048
1041048
1040788
1041308
1041048
1041308
1041568
1041308
1041308
1041048
1041048
1040788
1041308
1041048
1041308
1041568
1041308
1041308
1041048
