57428
57168
57168
57168
57168
57296
57296
57296
57296
57428
57168
57168
57296
57296
57296
57296
57296
57168
57428
57168
57168
57296
57296
57168
57168
57296
57296
57428
57168
57296
57296
57296
57168
57168
57168
57296
57428
57168
57296
57296
57296
57168
57168
57296
57296
57428
57168
57296
57296
57296
57168
57168
57168
57296
57428
57168
57296
57296
57168
57168
57296
57168
57168
57428
57168
57168
57296
57296
57168
57296
57168
57168
57428
57168
57296
57168
57168
57296
57296
57168
57296
57428
57168
57296
57296
57296
57168
57168
57168
57296
