308324
300780
301300
301040
301300
301560
301300
301300
301040
308324
300780
301300
301040
301300
301560
301300
301300
301040
308324
300780
301300
301040
301300
301560
301300
301300
301040
308324
300780
301300
301040
301300
301560
301300
301300
301040
308324
300780
301300
301040
301300
301560
301300
301300
301040
308324
300780
301300
301040
301300
301560
301300
301300
301040
308324
300780
301300
301040
301300
301560
301300
301300
301040
308324
300780
301300
301040
301300
301560
301300
301300
301040
308324
300780
301300
301040
301300
301560
301300
301300
301040
308324
300780
301300
301040
301300
301560
301300
301300
301040
