53296
53296
53296
53296
53296
53296
53296
53296
53296
53296
53296
53296
53296
53296
53296
53296
53296
53296
53296
53296
53296
53296
53296
53296
53296
53296
53296
53296
53296
53296
53296
53296
53296
53296
53296
53296
53296
53296
53296
53296
53296
53296
53296
53296
53296
53296
53296
53296
53296
53296
53296
53296
53296
53296
53296
53296
53296
53296
53296
53296
53296
53296
53296
53296
53296
53296
53296
53296
53296
53296
53296
53296
53296
53296
53296
53296
53296
53296
53296
53296
53296
53296
53296
53296
53296
53296
53296
53296
53296
53296
