18596
18724
21060
20936
20988
21232
20968
21124
21004
20716
18544
21040
20892
21084
21256
21060
21084
17048
18656
18712
21140
20964
25240
21188
21088
21020
17012
18656
18668
20956
21004
21076
21208
20944
21052
16992
18548
18488
21100
20888
21164
21144
23176
23112
16976
18596
18456
21084
20876
23060
21292
20920
21012
20992
18696
18604
21008
21008
21096
21148
21000
21104
20920
18576
18548
21036
20960
21068
21284
21028
21092
21024
18556
18604
21076
21008
25200
21108
20952
21168
21024
18708
18540
21104
20956
21000
21160
21108
21012
16980
