86116
84832
85352
85092
85352
85612
85352
85352
85092
86116
84832
85352
85092
85352
85612
85352
85352
85092
86116
84832
85352
85092
85352
85612
85352
85352
85092
86116
84832
85352
85092
85352
85612
85352
85352
85092
86116
84832
85352
85092
85352
85612
85352
85352
85092
86116
84832
85352
85092
85352
85612
85352
85352
85092
86116
84832
85352
85092
85352
85612
85352
85352
85092
86116
84832
85352
85092
85352
85612
85352
85352
85092
86116
84832
85352
85092
85352
85612
85352
85352
85092
86116
84832
85352
85092
85352
85612
85352
85352
85092
