31528
28348
35112
29780
29640
30440
30760
29016
34860
31552
30152
35976
29992
29676
30272
29080
30992
29840
31412
29852
30824
29804
30008
30400
29828
28984
36876
37364
34528
28932
29476
30088
30076
29064
28976
36004
31424
28464
29976
29664
30308
30228
30232
29908
36620
31472
35672
30472
29452
30128
30028
30516
31052
34804
31516
28520
28912
29892
30148
30380
28976
28924
29572
37416
29712
30124
29456
30020
30040
30228
30088
28712
31552
29832
30356
29988
29620
30596
30692
30812
30644
37496
29192
37152
29440
36080
36808
28964
30900
28852
