15132
14536
14516
14556
14640
16736
16552
14624
14664
15008
14372
16604
16624
14664
16840
14608
14636
14724
15088
14556
16592
16616
14484
12600
16644
14664
16732
14976
14300
16612
16528
14560
14664
14528
14584
16708
15120
14404
14524
14604
14576
14672
14584
16688
14436
15144
14424
14440
16440
12532
12576
16440
14524
16580
15120
14348
16424
16516
14640
16552
14492
14580
14516
15164
14300
14416
12524
14500
14592
14580
14472
14636
15116
16552
14492
14392
14516
14472
16504
14632
14604
15048
14588
14484
12624
16596
16820
14540
14604
14684
