18756
18596
21112
22872
21132
21196
21140
21012
16980
18532
18444
20960
20972
25216
23204
21040
21092
20964
18684
18488
21152
20960
21044
21296
21032
21072
17008
18700
18688
20988
22860
21144
21264
21032
21100
16932
18684
18664
20992
20888
20964
21224
21008
21120
16864
18660
18644
23068
20852
21120
21168
21104
20980
20996
18544
18732
21140
20952
21088
21308
23204
20952
20936
18728
18580
21080
20988
21192
21320
21004
21124
20780
18620
20700
20976
20936
21040
21260
21036
21112
20944
18632
18528
21060
24956
21164
21236
21000
21052
20864
