87856
65640
65544
67732
68028
66200
66152
67016
65432
86744
60076
65860
65656
67944
68108
65948
67144
66292
87296
65716
65852
67736
67948
68232
66144
66848
66336
87876
65884
66388
67676
67920
68148
66288
65380
66152
88048
65804
66340
67716
67824
62060
66472
67032
58976
86448
65428
66556
67600
65912
68264
65976
65344
59876
86368
66460
66824
65672
67968
66120
66080
66976
66896
86488
66352
66196
65644
67912
68220
59748
66188
59916
86448
66428
66484
65688
68000
66148
66088
66156
65684
82096
64844
65372
65592
67964
66176
66556
66388
66076
