53088
53088
53088
53088
53088
53088
53088
53088
53088
53088
53088
53088
53088
53088
53088
53088
53088
53088
53088
53088
53088
53088
53088
53088
53088
53088
53088
53088
53088
53088
53088
53088
53088
53088
53088
53088
53088
53088
53088
53088
53088
53088
53088
53088
53088
53088
53088
53088
53088
53088
53088
53088
53088
53088
53088
53088
53088
53088
53088
53088
53088
53088
53088
53088
53088
53088
53088
53088
53088
53088
53088
53088
53088
53088
53088
53088
53088
53088
53088
53088
53088
53088
53088
53088
53088
53088
53088
53088
53088
53088
