53496
53496
53496
53496
53496
53496
53496
53496
53496
53496
53496
53496
53496
53496
53496
53496
53496
53496
53496
53496
53496
53496
53496
53496
53496
53496
53496
53496
53496
53496
53496
53496
53496
53496
53496
53496
53496
53496
53496
53496
53496
53496
53496
53496
53496
53496
53496
53496
53496
53496
53496
53496
53496
53496
53496
53496
53496
53496
53496
53496
53496
53496
53496
53496
53496
53496
53496
53496
53496
53496
53496
53496
53496
53496
53496
53496
53496
53496
53496
53496
53496
53496
53496
53496
53496
53496
53496
53496
53496
53496
