181348
177448
177968
177708
177968
178228
177968
177968
177708
181348
177448
177968
177708
177968
178228
177968
177968
177708
181348
177448
177968
177708
177968
178228
177968
177968
177708
181348
177448
177968
177708
177968
178228
177968
177968
177708
181348
177448
177968
177708
177968
178228
177968
177968
177708
181348
177448
177968
177708
177968
178228
177968
177968
177708
181348
177448
177968
177708
177968
178228
177968
177968
177708
181348
177448
177968
177708
177968
178228
177968
177968
177708
181348
177448
177968
177708
177968
178228
177968
177968
177708
181348
177448
177968
177708
177968
178228
177968
177968
177708
