9700
11660
9664
11528
11592
9604
9564
9700
9652
11724
11484
9716
11688
11776
11460
9396
9740
9760
9580
11728
11780
11804
9356
11460
9664
11744
9596
9724
11600
11576
9660
9768
11692
11752
11712
11716
11608
9648
11572
11364
9688
11736
9484
11364
9508
11484
9320
9460
11716
11704
9724
9708
11760
9360
9448
9820
9608
9628
9504
9516
11636
9700
11736
9756
11636
9700
9700
11764
9600
9740
11680
11368
11684
11716
9620
9660
9520
9412
9716
9716
9472
9740
9408
9620
9684
9752
11364
9416
11516
9752
11744
11788
9320
9720
11760
9408
11772
9712
9408
9576
11712
11780
11744
11664
11752
11508
11720
11460
9784
11716
9744
9468
11560
11692
9688
9724
9704
11368
11360
11444
9608
11716
11572
11520
9548
9580
9432
11804
11408
11708
11608
9732
11552
9748
9748
9720
9564
9592
11568
11448
9756
11604
9732
9716
11720
9676
11452
9700
9484
11600
11604
11668
11364
9740
11780
9700
11392
9748
11776
11672
