86568
65476
66984
67660
67988
68184
64664
65680
66700
87748
65724
65828
65528
67948
68256
66336
66880
65972
86628
66144
65376
67612
67972
62120
66164
67008
66740
87024
65720
66436
65664
67916
66096
66212
66972
67032
87268
66088
66800
67604
67872
68260
64756
66060
65668
88372
64628
66840
67732
68020
68240
64828
66648
66336
86928
58780
65388
65540
65952
68204
66464
65632
65088
82044
65844
66060
67652
65772
66140
58424
65668
65760
86424
65408
65984
67640
68024
68204
58352
65476
65524
87256
65292
66872
67608
65860
68188
64780
65852
65364
