562276
547448
547968
547708
547968
548228
547968
547968
547708
562276
547448
547968
547708
547968
548228
547968
547968
547708
562276
547448
547968
547708
547968
548228
547968
547968
547708
562276
547448
547968
547708
547968
548228
547968
547968
547708
562276
547448
547968
547708
547968
548228
547968
547968
547708
562276
547448
547968
547708
547968
548228
547968
547968
547708
562276
547448
547968
547708
547968
548228
547968
547968
547708
562276
547448
547968
547708
547968
548228
547968
547968
547708
562276
547448
547968
547708
547968
548228
547968
547968
547708
562276
547448
547968
547708
547968
548228
547968
547968
547708
