80944
57668
57524
63136
59056
59004
59092
65196
59080
59124
65188
59024
57584
58736
63284
57256
74892
57336
63512
58840
65152
59084
65164
65212
58960
65228
65108
65124
63932
63204
63760
57132
80228
57600
57860
59048
65216
65112
58996
59020
58944
65120
59012
59060
57024
64000
63152
57136
79840
64732
63916
64040
65100
58952
65132
58924
59028
59080
65208
65144
64036
65232
63400
58268
74464
64164
63248
64904
59020
59076
58988
59080
65124
65188
59064
58976
57352
58568
57128
64296
80920
63388
57624
63532
59044
65116
59052
58968
59032
58944
65108
65184
57488
64088
57852
58052
80024
57328
63396
64652
59032
59116
59096
65184
65180
65208
65184
58996
58012
57940
63576
58644
79260
65160
57172
64544
59096
59096
65092
65228
59004
59080
65192
65256
57116
63196
57248
64832
79224
57628
63552
58120
59060
65212
59032
59052
65184
59096
65100
59020
57912
58516
57640
58652
74100
58864
63460
56940
65216
65220
65132
65208
65188
59116
65112
58976
57132
58908
57512
57260
