0.00022388
0.00016904
0.00029087
0.00016785
0.00172710
0.00017309
0.00033212
0.00032306
0.00030208
0.00020003
0.00022793
0.00028515
0.00029397
0.00016904
0.00024819
0.00027704
0.00027180
0.00029302
0.00027394
0.00033998
0.00026989
0.00033188
0.00028992
0.00043416
0.00033617
0.00038815
0.00028300
0.00020909
0.00016809
0.00027394
0.00017095
0.00025392
0.00031781
0.00027204
0.00019884
0.00033712
0.00018406
0.00027204
0.00033808
0.00037503
0.00025487
0.00025082
0.00027204
0.00019193
0.00027490
0.00018787
0.00038123
0.00022793
0.00026393
0.00017190
0.00028515
0.00034904
0.00025892
0.00030303
0.00033784
0.00017190
0.00026512
0.00016785
0.00022292
0.00019097
0.00026083
0.00036788
0.00018811
0.00016785
0.00032282
0.00046802
0.00027490
0.00016904
0.00027299
0.00016809
0.00030088
0.00025702
0.00027895
0.00016999
0.00032401
0.00029397
0.00028706
0.00029302
0.00018907
0.00016999
0.00016785
0.00019097
0.00016904
0.00028706
0.00027299
0.00016999
0.00056815
0.00026512
0.00045395
0.00029898
0.00016999
0.00030923
0.00027204
0.00031209
0.00030184
0.00029898
0.00079107
0.00016809
0.00016904
0.00018501
