10104
10096
10132
10356
10200
10200
10040
10040
10132
10084
10096
10088
10356
10072
10152
10112
10116
10184
10200
10004
10076
10308
10152
10096
10036
10152
10036
10172
10200
10308
10152
10176
10240
10184
10156
10356
10308
10180
10036
10040
10172
10104
10200
10244
10132
10356
10352
10112
10308
10104
10044
10152
10176
10312
10040
10108
9976
10312
10116
10312
10044
10204
10184
10200
10304
10116
10032
10316
10104
10116
10100
10184
10028
10104
10116
10184
10104
10180
10112
10308
10112
10108
10244
10240
10180
10244
10048
10104
10112
10104
10180
10356
10200
10132
10040
10176
10288
10200
10040
9972
