8428
8664
8444
8516
8508
9260
8476
8664
8616
9088
8428
9300
9120
8432
8644
8440
8516
8488
8392
8668
8444
8512
8508
8564
8512
8516
8428
8472
8556
9068
9052
8644
8644
8472
8460
8508
8520
9060
8516
9068
8672
8504
8504
9068
9288
8660
8592
8640
8560
8516
8624
9148
8644
8396
8452
8692
8644
9156
8616
8440
8692
8440
9104
8504
9124
8492
8504
9208
8428
9140
8520
8696
9084
8676
8468
8556
9136
8560
8676
8488
8700
9276
8412
8696
8516
8516
8508
9208
8688
9176
8660
9044
8440
8492
8440
8468
9248
8432
8560
8696
8428
9036
8696
8676
8692
8660
8660
8508
8660
8440
8420
8440
8452
8444
9280
9264
8476
9264
8508
8452
8440
8672
9104
8488
8692
9088
9200
9092
8512
8596
9224
8512
9080
8516
9224
8468
8452
8644
8500
8452
8448
8488
8684
9052
9280
8564
8664
8516
8464
9200
9204
9212
8440
8556
8672
9112
8512
8484
9064
8640
