0.18337893
0.21502995
0.21041107
0.17085099
0.17549491
0.22320008
0.17729521
0.16553402
0.21930504
0.19920802
0.18092299
0.20178699
0.16719484
0.18336606
0.23219299
0.27552390
0.25448203
0.23612309
0.23368120
0.25243592
0.26145005
0.19876480
0.19920707
0.44590688
0.26851201
0.21385002
0.27175593
0.29073000
0.20520997
0.20105720
0.21408296
0.22540402
0.20535684
0.25790906
0.28904200
0.29934096
0.24073911
0.28434396
0.22468686
0.28785896
0.32800007
0.33562803
0.34197998
0.46760392
0.28090906
0.30428314
0.26703310
0.35834599
0.24554801
0.33603787
0.33438802
0.31063700
0.37777901
0.37486911
0.37506509
0.32100916
0.39662313
0.32154202
0.30472302
0.23864198
0.17711806
0.21470499
0.19583011
0.24397588
0.24327993
0.31064892
0.33863711
0.21495581
0.22546005
0.36657405
0.22766805
0.27798200
0.21603894
0.30851698
0.18112993
0.26077104
0.19050479
0.22638297
0.17513108
0.18417192
0.30877995
0.26419711
0.25921798
0.40760303
0.22976780
0.31417298
0.29194093
0.24618697
0.33852601
0.40169311
0.29381394
0.28411484
0.36424088
0.29418993
0.25998092
0.30588007
0.19269609
0.20972300
0.25453186
0.25638103
