11836
11816
11724
11816
11944
11836
11724
11952
11836
11832
11820
11824
11836
11812
11836
11936
11912
11820
11868
11816
11784
11832
12040
11832
11672
11784
11740
11780
11912
11944
11944
11952
11784
11668
11796
11740
11824
11776
11864
11916
11724
11668
11800
11740
11784
11832
11844
11844
11804
11820
11820
11836
11668
11744
11784
11736
11748
11836
11836
11824
11916
11912
11740
11936
12044
11784
12092
11732
11916
11940
11840
11740
11784
11992
11740
11816
11724
11844
11912
11988
11992
11780
11768
11940
11740
11944
11824
11924
11880
11748
11940
11724
11940
11708
11748
11844
11804
11740
11748
11992
