30260
29740
30088
28532
29608
29836
35880
29680
29708
29668
29660
29688
30684
34748
28640
28592
30688
29876
30492
28580
29572
29548
30300
29580
29600
29868
30560
29604
30492
28520
28624
28484
29532
28476
30540
28588
36468
30012
30668
30264
29508
29580
29864
29776
30340
29916
34604
28484
31364
30332
28580
28552
29636
30244
29584
29644
35756
30620
36004
29664
29820
28484
28600
28504
31608
28484
30256
29792
30592
29572
29816
29504
29632
29632
29652
29640
28572
30212
28592
28572
30392
28580
30252
28592
36456
35720
30352
29644
29784
30528
30180
29696
30124
34700
35876
29640
30336
28660
29952
28576
36196
29644
35696
29952
35660
29980
29496
29608
29640
28468
28616
28612
29896
30408
28628
30020
29564
35636
36388
30100
35824
29672
29604
29680
30420
28520
28552
28664
30048
30532
30288
28508
36392
29556
35648
29620
29576
29552
35716
29704
28640
28472
28596
30112
30992
29496
28592
29672
30388
30468
35832
30236
29812
29508
30468
30424
28476
28580
36520
30056
