74232
63448
57740
58744
58928
65164
65252
59116
65216
59092
59140
65244
63304
57568
63964
63912
80864
58416
57076
64504
59016
59044
58976
59144
65168
65128
59048
59096
57808
58212
57452
63188
75296
63928
64072
63492
65224
59092
58956
65200
65220
59060
65160
58952
57172
65052
57300
58412
79224
57508
57724
63520
58972
65200
58972
59040
58956
65224
65088
59136
57168
66056
63616
58204
79584
57676
63852
63412
65072
65272
65216
65220
65180
59104
59044
65164
64084
63900
57804
58636
75460
58860
57976
64704
59072
59076
59032
59136
59136
65220
65276
65168
57620
63212
57548
63704
75504
58276
57448
58440
65256
59072
58988
59144
65108
65224
59064
58976
57456
65260
57660
58064
75140
64908
63344
63640
65104
65136
59092
59096
65212
65252
65068
59084
63696
64432
63540
63912
74744
63760
63304
59072
65224
58936
65128
59100
59004
65112
65212
65204
57340
63872
57392
58308
74504
58716
57180
64216
65204
65136
59052
65260
65248
65192
65188
65260
63704
64784
57944
64820
