9308
8652
8516
9080
8496
8520
9116
8476
8700
9088
8648
8520
9156
8516
9176
8696
8704
9104
8568
8672
8604
9020
9116
9132
8460
8524
8472
8668
8696
8672
8668
8432
9196
9168
8520
8484
8672
9192
8520
8672
8984
8448
8476
8564
8600
8520
9220
9164
9244
8652
8500
8524
8472
8456
8452
8604
8648
8476
8516
9096
9268
8452
8604
8688
9160
8572
8672
8568
9120
9008
8460
9212
8448
8568
8496
9188
8700
8520
8700
8448
8604
9268
9048
9024
8704
9108
9308
8568
8680
8496
8476
8700
8460
9156
9112
9268
9332
8700
8528
8496
9328
8464
8700
9128
8432
9152
9268
9164
9040
8524
8492
9288
8460
8704
8700
8608
8568
8524
9216
9168
8480
8668
9088
8520
8684
9004
8476
9208
8528
8688
8496
8572
9112
8524
8572
9008
9044
8564
8700
8516
8460
8512
8684
9288
8684
8704
8704
9272
8568
9008
9216
8460
8428
9040
8516
8456
8512
8524
8600
9192
