14768
14412
14412
18688
18544
18524
14428
18692
18616
18596
18528
18472
18540
18600
14444
14460
14704
14404
14464
18604
18704
18628
18636
18676
18604
14572
18696
18500
14500
14512
14612
14532
14704
14288
14364
18436
18588
18592
18540
14528
18512
18592
14460
14512
18468
14456
18464
14644
14592
14408
14480
14508
18464
18528
18576
18660
18544
18584
18424
18596
18508
14604
14492
14476
14668
14392
14456
20552
14460
18476
18480
18544
18656
14380
18492
14560
14512
14540
14512
14608
14624
18564
14336
18544
18588
18688
14584
20640
18592
18672
18536
18560
18440
14520
18628
14548
14784
14496
18424
14400
18480
18636
18556
18556
18516
18568
18560
18452
14452
18572
18544
14464
14732
14448
18568
14344
18484
18556
18608
18564
18572
18536
18604
14528
18456
14560
14324
14524
14732
14324
14336
14412
18508
18588
18584
18588
18380
18476
18516
14500
14312
14496
14444
14428
14680
14472
18436
14412
14464
18632
18572
18512
18500
18556
14412
18584
14324
18548
18472
14416
