9640
11712
9588
11604
9644
11444
9524
9692
9528
11736
9508
9624
9500
11616
9764
9688
11576
9556
9692
9260
11684
9704
9704
11796
11340
11720
9348
11508
9416
9420
9736
9468
12544
11712
11716
9540
11736
9608
11528
9736
9604
11656
9648
11396
11444
11768
9636
9700
9412
9668
11760
9400
11624
11744
9680
9704
11520
11432
11688
9560
11460
9676
11448
11736
11700
11760
9700
11664
9676
11732
11576
11664
9428
9620
9404
9648
11588
11520
9268
11368
9672
11800
11676
11720
11616
9600
9424
11752
9724
11524
9424
9712
11740
9732
11756
9712
11480
11744
9684
11568
9672
9712
11532
9564
11784
11716
9536
9384
9548
9636
9536
11468
9364
11764
11760
11612
11596
11640
9316
9708
11632
11728
9324
11684
11788
11724
11708
11536
9644
11728
9692
9668
11728
9532
9652
9600
11328
9600
9584
11748
9600
11620
9688
11512
9656
11792
9680
9392
11560
9640
11740
11612
11720
9480
11700
9384
11392
11740
11508
9704
