8504
9424
9256
9324
9328
9356
9420
9268
9268
9124
9188
9352
9112
9340
9356
9200
9160
9248
9272
9260
9332
9360
9256
9264
9308
9420
9444
9312
9352
9236
9096
9388
8556
9272
9396
9288
9328
9356
9244
9304
9144
9128
9252
9200
9260
9272
9132
9292
8724
9312
9320
9196
9308
9452
9348
9232
9308
9092
9312
9392
9440
9204
9400
9384
8720
8996
9176
9136
9356
9436
9304
8964
9364
9396
8740
9384
9392
9336
9348
9032
9396
9252
9432
9300
9376
9436
9380
9320
9392
9352
8736
9348
9312
9248
9444
9448
8552
9408
9332
9436
9268
9336
9148
9336
9076
9316
9328
9324
9376
9128
9264
9200
8488
9204
9272
9384
9332
9356
9420
9372
9244
9392
9248
9072
9380
9240
9196
9272
8532
9296
8740
9044
9404
9260
9328
9288
9172
9076
9364
9376
9396
9400
9312
9348
8720
9380
9392
9036
9276
9448
9320
9044
9388
9316
9188
9352
9280
9032
9256
9428
