8488
8644
8516
8696
8676
8692
8420
8416
8392
8660
8688
8688
8696
8464
9052
8660
9152
9320
8428
8452
8512
8696
9184
8616
8484
8692
9296
8696
8448
8508
8696
8488
9268
9296
9080
8484
9300
8692
8692
8596
8440
8692
8508
9256
9104
8468
8472
8560
8668
8432
9080
9256
8460
8516
9220
8512
8664
8556
8512
9092
8508
8508
8504
8464
8596
9260
8432
9224
8692
9160
8644
8464
8512
9256
8640
8592
8660
8688
9136
8504
8388
8472
9280
8416
8432
8696
9096
8696
9080
8644
9236
9072
9276
8436
8596
8660
9196
9260
9112
9268
8560
8520
8472
8644
8472
9176
8592
8516
9144
8444
9144
8500
8488
9208
8488
8508
8664
9164
8596
8596
8596
9196
9140
9156
9204
8972
9296
8688
8508
8500
8676
9204
8516
8512
9260
8428
8504
8440
9104
8696
9320
9152
8672
8692
8516
9204
8472
8512
8432
9096
8676
9080
8672
8692
8412
8500
8512
8652
8484
8556
