17916
20888
20804
20824
20764
20812
20868
20892
20816
20784
20844
20768
20836
20896
20888
16904
18016
20844
20804
20856
20800
20840
20776
20832
20916
20848
20936
20888
20832
20764
20808
16780
18016
16856
20892
20936
20792
20856
20840
20932
20824
20880
20800
20884
20836
20832
20816
20776
17952
16784
20836
20936
20916
20764
20816
20848
20924
20844
20728
20892
20824
20808
20892
16784
18068
20844
20828
20904
20760
20768
20884
20904
20832
20848
20868
20880
20908
20896
20740
20844
17960
20836
20892
20808
20800
20768
20856
20936
20808
20884
20740
20732
20808
20808
20916
20896
18020
20928
20880
20880
20828
20936
20720
20880
20732
20732
20812
20880
20856
20888
22828
23008
17944
16840
20800
20888
20832
20844
20884
20788
20712
26980
20836
20836
20712
20912
20720
20880
17916
16832
20880
20888
20720
20876
20832
20888
20732
20844
20924
20812
20840
20832
20916
20736
17960
20848
20772
20892
20748
20784
20868
20812
20880
20732
20760
20916
20848
20724
20808
16776
