14760
14552
14324
18596
14624
18620
18540
18572
18456
18516
18640
18592
14544
18672
14484
18484
14616
14376
14464
14644
14496
18596
18564
18740
18584
18560
18456
18600
18472
18560
14464
18500
14728
14480
14492
14440
18548
18480
18672
18724
18628
18636
18672
18624
14464
18568
14444
14612
14688
14412
14380
14496
14460
18548
18388
18644
18712
18464
14512
18760
18624
18588
14512
18644
14672
14588
14488
14296
14556
18652
18464
18540
18640
18660
18516
18448
14524
14588
14532
14448
14712
14520
14372
14572
18448
14428
14496
18512
18508
18532
14412
18536
18500
18680
18640
18632
14808
14464
18572
18524
14496
14496
18492
18608
18584
18528
18560
14488
14584
14552
18528
18648
14712
14332
18472
14504
14472
18632
18568
18552
18664
18612
18540
18672
14392
14484
18472
14468
14732
14420
14488
14548
14512
14524
18448
18656
18500
18472
18504
18568
14452
14496
18564
14468
15716
14440
14264
18556
18576
18628
18580
18648
18576
18604
14568
14604
18564
14596
14608
14556
