30316
28648
28628
34760
30156
29676
30048
36744
29620
29772
29656
29784
29872
28632
30096
28488
30988
30608
30260
28648
29980
29500
29644
29920
29548
29772
30132
30060
28556
28584
36616
29772
30744
28628
29908
28676
29620
29700
29600
35728
35624
29552
35760
29936
29544
28628
29952
29716
30648
34748
29936
30072
35656
29636
30260
29644
29636
29508
30216
29588
28432
28672
28628
29884
30868
29764
30516
28616
35652
29556
36012
29492
35628
30116
36688
30376
28584
28576
30552
34696
30376
29836
28540
30264
29616
30036
36232
30196
30368
29552
30188
29616
30272
30160
29980
28648
36664
29924
29752
29740
30496
29708
29616
29600
30100
29692
30252
35848
35800
28580
28600
36764
31368
28556
28624
28580
35704
30408
29620
29552
30216
30356
29720
29684
28612
28676
35812
36192
30684
28624
28576
28480
30456
29560
36176
29608
30216
29544
30156
29616
28500
29984
29972
30276
36028
28556
29912
30136
29588
30128
29508
37848
30140
29608
29608
29652
28584
28676
28656
28476
