3.60678291
3.56742716
3.62261605
4.27182817
3.22138405
3.77163792
2.70343304
3.36715913
4.31119180
4.16771507
3.17712593
3.23959208
2.91049695
3.60058522
2.68548489
3.34414601
3.53993106
4.12298894
3.73032999
4.21914005
3.47552896
3.33907294
2.91022205
3.14473701
3.22227097
2.84141779
3.24672318
2.72304988
2.60561109
2.45968699
2.57539701
3.00364590
2.45179296
3.17933416
3.27615595
2.52236509
2.86770511
3.54642987
3.04303908
3.10200810
3.53447604
4.05120611
2.98610592
3.09588981
3.32960701
4.27593112
3.28273511
2.95731187
2.88341594
3.12809587
3.65596700
3.19842720
2.97397494
2.97382402
4.31245613
2.86679196
3.39088893
3.13957620
3.19788003
4.37846398
3.69465208
4.33951902
3.35913587
3.64037991
2.75824594
3.07848716
3.81409597
4.63590193
2.96618009
3.13961387
3.52986908
3.65497208
3.43388200
3.27322388
3.14060903
4.12801409
3.24067998
3.50021791
3.39551282
3.55769801
2.63426089
2.96907306
2.72179413
4.01847911
3.39016390
3.10352993
3.77820802
4.01032996
3.30846190
3.55584693
3.38573790
2.79013991
3.73509908
3.45982790
3.15185499
2.77380586
2.86312580
3.36853004
3.11556911
4.53141403
