16304
16300
16420
16408
16344
16488
16648
16324
16404
16472
16404
16380
16608
16596
16612
16356
16648
16564
16572
16472
16324
16396
16440
16472
16396
16500
16496
16492
16492
16340
16324
16328
16436
16380
16340
16488
16356
16492
16356
16588
16608
16344
16484
16368
16404
16440
16328
16392
16444
16608
16460
16324
16380
16392
16300
16440
16580
16572
16392
16476
16404
16472
16472
16492
16608
16444
16384
16608
16452
16404
16480
16500
16404
16440
16648
16364
16616
16620
16380
16352
16344
16384
16356
16440
16436
16460
16504
16288
16384
16356
16324
16440
16288
16612
16408
16480
16468
16596
16492
16372
