0.00003195
0.00002193
0.00002217
0.00003695
0.00004101
0.00003791
0.00004101
0.00003791
0.00003600
0.00003815
0.00003600
0.00003600
0.00003600
0.00020123
0.00007200
0.00003815
0.00003695
0.00004005
0.00003695
0.00003982
0.00003481
0.00003600
0.00003314
0.00003409
0.00003695
0.00003910
0.00005412
0.00002217
0.00004005
0.00003695
0.00002193
0.00002193
0.00005794
0.00003695
0.00003505
0.00003290
0.00004005
0.00004101
0.00002193
0.00003195
0.00002217
0.00003481
0.00003695
0.00003695
0.00003600
0.00003695
0.00034785
0.00003505
0.00003386
0.00002193
0.00003505
0.00004792
0.00003409
0.00003505
0.00003695
0.00006390
0.00003505
0.00003695
0.00003505
0.00002217
0.00003600
0.00003695
0.00003505
0.00003505
0.00003695
0.00003409
0.00002193
0.00002193
0.00003982
0.00003004
0.00003815
0.00003600
0.00004101
0.00003505
0.00003481
0.00003791
0.00003290
0.00002193
0.00014091
0.00002193
0.00003386
0.00002193
0.00004005
0.00003695
0.00002193
0.00003695
0.00002217
0.00002289
0.00002193
0.00003386
0.00002098
0.00003695
0.00002289
0.00003791
0.00003505
0.00004315
0.00003481
0.00002384
0.00002193
0.00004601
