10260
10208
10296
10052
10188
9936
10212
10300
9992
10096
10052
10208
10196
9968
9992
10280
10052
10072
10016
10456
10204
10280
10052
10208
10416
10004
9940
10020
10280
10456
10264
10212
10080
10248
10008
10132
10288
10164
10296
10000
10212
10052
10076
10300
9992
10200
10204
10100
10456
10104
10248
10300
10048
10004
10052
10076
9968
10284
9992
10012
9992
10268
10212
10004
10212
10056
10104
10008
10104
10100
10408
9940
10072
10280
10112
9936
10264
10016
10408
10200
10016
10084
10308
10212
10172
10084
10208
10280
10084
10240
10188
10132
10100
10104
10188
10136
10164
10100
10104
10280
