17904
16808
20876
20780
20836
20908
20856
20848
20752
20740
20816
20736
20836
20848
20892
16864
17912
22860
26944
20744
20728
20764
20780
20792
20716
20888
20780
20816
20808
20836
20740
20880
18032
20884
20724
20772
20880
20748
20848
20736
20796
20748
20800
20880
20836
20892
20724
16820
18044
16704
20848
20832
20868
20884
20852
20816
20728
20848
20880
20848
20876
20776
20756
20896
18036
20780
20864
20740
20744
20720
20892
20860
20876
20736
20872
20900
20816
20820
20820
16856
17904
16820
26872
20772
20908
20876
20832
20892
20804
20788
20880
20920
20896
20776
20808
16812
17968
20836
20820
20884
20752
20776
20880
20856
20832
20932
20896
20880
20764
20876
20872
22940
18044
16792
20860
20740
20828
20724
20932
20908
20820
20776
20812
20724
20836
20824
20720
20916
18056
20872
20852
20848
20832
20884
20840
20804
20884
20756
20824
20756
20820
20912
20796
20848
18032
20756
20804
20832
20932
20916
20852
20912
20760
20908
20780
20852
20744
20764
20772
20816
