31392
30408
36740
29740
36128
36468
29924
29944
34904
31464
29428
29028
35584
29724
30008
30960
35224
28820
37300
29232
29736
30088
29864
30388
30188
30868
30200
31504
28344
30056
29476
36040
30024
35212
29040
30216
31556
28488
28964
30112
29852
30536
28984
28960
30088
31572
34548
29028
35688
30040
36236
30300
28960
36744
37480
29760
29808
29648
30052
30228
29016
30196
34928
31392
30420
31008
29444
29924
30284
29024
36244
30256
31372
29060
30688
29532
30056
36652
30964
30088
28724
31456
28468
36584
29456
36264
29972
36152
37128
30500
