16612
17224
15556
19504
19612
19688
19708
17944
15652
16480
17340
17448
21744
19672
21996
17472
17508
17780
16460
15176
15600
19528
19720
19796
17448
17568
17556
16604
17244
17712
19512
19724
19804
17820
17916
15924
16400
15252
17628
17584
20036
19796
19772
17860
17984
16532
17280
15600
21840
19800
19820
17652
17760
15872
16336
17184
19616
17908
19844
19772
17724
17624
15556
16560
17288
17620
19492
19580
19660
17784
17792
18040
16668
15176
17728
19632
19676
21952
19756
17776
17892
16388
15212
19700
17524
21896
19824
19516
17680
17908
