9972
11796
11792
11788
11944
12004
12060
10060
11984
10068
11880
9908
12024
12112
10028
12072
12020
11948
10028
9800
12012
11868
11904
12052
11732
9916
12084
9992
9824
10044
12004
12012
9980
11868
9960
9984
12016
11860
12044
12008
9856
11988
9924
11984
11880
10100
9896
11916
11780
11968
11976
9764
12028
11916
10028
9828
11960
9884
12004
9876
9896
11884
11956
12176
11888
9992
11968
10108
9884
9980
11992
12000
10072
9792
11980
9812
11892
12020
9780
9980
9904
12088
11844
9980
12008
12152
12080
11944
11968
12012
