53976
53976
53976
53976
53976
53976
53976
53976
53976
54020
53976
53976
53976
53976
53976
53976
53976
53976
53976
53976
53976
53976
53976
53976
53976
53976
53976
53976
53976
53976
53976
53976
53976
53976
53976
53976
53976
53976
53976
53976
53976
53976
53976
53976
53976
53976
53976
53976
53976
53976
53976
53976
53976
53976
53976
53976
53976
53976
53976
54020
53976
53976
53976
53976
53976
53976
53976
53976
53976
53976
53976
53976
53976
53976
53976
53976
53976
53976
53976
53976
53976
53976
53976
53976
53976
53976
53976
53976
53976
53976
