53180
53180
53180
53180
53180
53180
53180
53180
53180
53180
53180
53180
53180
53180
53180
53180
53180
53180
53180
53180
53180
53180
53180
53180
53180
53180
53180
53180
53180
53180
53180
53180
53180
53180
53180
53180
53180
53180
53180
53180
53180
53180
53180
53180
53180
53180
53180
53180
53180
53180
53180
53180
53180
53180
53180
53180
53180
53180
53180
53180
53180
53180
53180
53180
53180
53180
53180
53180
53180
53180
53180
53180
53180
53180
53180
53180
53180
53180
53180
53180
53180
53180
53180
53180
53180
53180
53180
53180
53180
53180
