0.00201511
0.00168991
0.00237107
0.00250196
0.00222492
0.00857806
0.00140786
0.00203705
0.00310206
0.00296402
0.00406289
0.00984383
0.00150108
0.00257492
0.00404811
0.00363803
0.00226903
0.00222301
0.00264120
0.00252700
0.00151706
0.00296402
0.00256610
0.00144386
0.00241899
0.00381613
0.00141978
0.00438619
0.00174403
0.00371599
0.00499010
0.00264406
0.00226116
0.00282216
0.00261307
0.00150895
0.00256014
0.00293803
0.00245619
0.00255108
0.00154805
0.00269222
0.00228596
0.00155687
0.00212598
0.00180411
0.00196600
0.00161314
0.00249004
0.00141406
0.00190401
0.00268197
0.00910592
0.00143003
0.00260997
0.00250888
0.00290394
0.00264692
0.00258303
0.00253892
0.00261188
0.00263095
0.00220895
0.00239682
0.00256681
0.00270295
0.00266886
0.00262499
0.00256491
0.00419092
0.00269413
0.00295186
0.00152302
0.00330400
0.00250697
0.00555587
0.00262403
0.00149918
0.00153112
0.00270486
0.00187016
0.00210500
0.00279808
0.00296402
0.00227094
0.00260997
0.00286293
0.00377297
0.00280285
0.00373316
0.00302005
0.00237608
0.00258112
0.00245094
0.00300193
0.00275183
0.00376296
0.00308585
0.00397801
0.00234509
