10116
10180
10504
10376
10368
10304
10112
10368
10168
10112
10116
10184
10200
10096
10380
10348
10200
10200
10200
10308
10396
10104
10200
10356
10356
10180
10200
10300
10312
10172
10308
10112
10324
10236
10316
10152
10180
10288
10376
10352
10116
10356
10184
10040
10072
10172
10312
10092
10384
10304
10108
10172
10172
10396
10292
10104
10396
10156
10040
10096
10204
10312
10184
10184
10100
10300
10088
10200
10300
10112
10152
10508
10116
10012
10300
10184
10072
10300
10112
10112
10236
10380
10552
10072
10040
10552
10200
10180
10104
10196
10504
10360
10504
10236
10512
10200
10360
10312
10096
10116
