9448
9396
9452
9480
9304
9100
9472
9080
9116
9352
9360
9228
9188
9240
9388
9432
9364
9188
9188
9268
9192
9116
9436
9120
9156
9444
9252
9348
9376
9240
9236
9464
9292
9312
9324
9360
9424
9392
9296
9476
9160
9264
9428
9272
9396
9404
9360
9300
9300
9428
9436
9276
9456
9188
9252
9368
9148
9444
9392
9340
9208
9428
9280
9204
9356
9324
9384
9416
9440
9288
9312
9264
9388
9384
9288
9272
9348
9376
9236
9424
9416
9340
9420
9360
9240
9420
9400
9284
9164
9160
9376
9420
9280
9428
9412
9392
9340
9336
9196
9356
9380
9348
9352
9312
9492
9280
9272
9260
9372
9076
9456
9436
9408
9296
9328
9440
9188
9068
9432
9112
9384
9092
9288
9452
9424
9420
9240
9108
9296
9176
9412
9112
9412
9380
9444
9240
9244
9352
9436
9416
9424
9436
9188
9228
9364
9296
9460
9084
9424
9340
9348
9316
9412
9396
9412
9424
9464
9408
9428
9128
