52380
46140
38860
39132
40128
40144
40100
40068
40068
40116
46288
40164
38648
38740
38388
39276
50940
38452
38220
38200
46256
40028
46300
39980
40144
40040
40092
40076
38848
38692
44240
39540
44476
38192
38696
38932
39968
40108
46128
46248
40072
40036
40172
40008
38860
38092
38768
38940
46032
39480
38460
38792
40092
40164
40064
40016
40016
40096
46264
40064
38136
38996
38692
44780
46132
39272
38196
44956
46196
39984
46300
40128
46164
40144
40180
40100
38724
39248
44952
38760
50600
39932
38204
38908
40052
40020
40000
40060
40112
40088
40024
46236
38248
39792
38108
39184
44776
38316
44860
39828
40044
40104
40100
40088
40012
46252
40136
46240
38128
38264
38200
44752
44436
44444
44356
39736
39968
40112
40024
39984
40084
40164
46244
40184
38528
38232
38544
44888
44456
46140
38772
46016
40080
40004
39976
40088
40132
40100
40144
40112
38948
39120
44536
38396
44896
39756
38444
38440
46240
46292
40100
40124
40052
46228
46268
46304
38264
39700
44556
44828
