14072
14020
14016
14068
13976
14080
14000
13940
13984
14004
14028
14032
13960
14020
14076
14096
14036
14032
14016
13976
14060
14044
13992
14084
13980
14060
14028
14008
13952
13952
13984
14028
13880
13996
13904
14072
14076
14044
13976
14040
13908
14084
13932
13944
13940
13992
13996
13844
13988
13972
13988
14008
14056
13992
14056
14020
14052
13960
13996
14024
13960
13972
14040
14140
14012
13896
13952
14060
13872
13988
13888
14032
14024
14012
13996
14060
14044
14136
14008
14052
14028
13944
14032
14048
13996
14060
14036
13984
14104
14024
13992
14048
14032
14044
13888
13976
13996
14076
13928
13876
13896
14080
13976
14116
13892
14012
14032
14068
14064
14052
13864
14000
14032
13964
14024
13900
14008
13984
14012
14028
14040
14020
13996
14068
13916
14096
14064
14120
13976
14024
14008
14040
13940
13992
14004
14092
13956
14052
13932
13928
13812
14056
14048
14024
13924
13912
14004
13920
14000
14036
14092
14064
13884
14024
13992
14036
14008
14016
13940
14128
