8504
9028
8636
8556
8660
8512
8444
8908
8504
8556
9132
8688
8416
8444
9140
8444
9268
8556
8512
8420
9120
8684
8448
8504
8424
8504
8552
9108
8552
8632
8496
8680
9072
9292
8988
8556
8444
8636
9052
9256
9028
8664
8684
8656
8504
8508
9100
8632
8660
8684
8588
8500
9284
8672
9140
9036
8480
8496
8968
9024
8608
8440
9116
8476
8552
8500
8468
8636
8636
8584
8444
9100
8680
8664
8664
8556
8552
8416
8656
8504
8444
8508
8508
9108
8420
8468
8500
9096
9064
8500
9004
9136
8504
9100
8416
8500
8588
9252
8420
8444
8556
9076
8672
8592
9184
8416
8652
8504
9116
8504
8636
8588
8688
8464
8500
8424
8588
8684
9176
8504
8552
8500
8684
8652
9108
8476
8480
8988
9136
9028
8512
8468
8872
8572
8672
8660
9184
9112
8664
8500
8668
8584
9020
9076
9100
9228
8440
9200
8688
8628
9100
8688
9232
8636
9112
8456
8588
8500
8432
8652
