16084
15540
15548
19420
19476
19584
19664
19580
19564
19628
19616
19560
19392
19748
19628
15664
16020
15536
19508
19560
19632
19616
19624
19668
19552
19572
19500
19720
19504
19536
15432
15584
16000
15472
15380
19508
19460
19644
19676
19664
19528
19532
19548
19692
19604
19368
15448
19672
16032
15604
15424
19588
19532
19728
19452
19540
19596
19592
19444
19620
19420
19500
19380
15488
16036
19588
15416
19428
19600
19812
19476
19652
19652
19828
19648
19644
19624
15708
15580
15676
16096
19524
19344
19588
19484
19644
19600
19508
19492
19604
25728
19596
19716
19760
19676
15572
16108
15532
19480
19656
19720
19532
19580
19744
27880
19572
19524
19744
19704
19884
19652
15744
15960
15476
15336
19584
19476
19776
19656
19716
19628
19628
19724
19660
19428
15544
19668
15472
16116
19576
19460
19552
19640
19692
19608
19604
19540
19528
19508
19564
19484
19508
15484
15428
15964
19496
19376
15324
19528
19720
19640
19712
19480
19680
19676
19640
19512
15628
19576
19460
