200556
198508
198508
198508
198508
198508
198508
198508
198508
198508
198508
198508
198508
198508
198508
198508
200556
198508
198508
198508
198508
198508
198508
198508
198508
198508
198508
198508
198508
198508
198508
198508
200556
198508
198508
198508
198508
198508
198508
198508
198508
198508
198508
198508
198508
198508
198508
198508
200556
198508
198508
198508
198508
198508
198508
198508
198508
198508
198508
198508
198508
198508
198508
198508
200556
198508
198508
198508
198508
198508
198508
198508
198508
198508
198508
198508
198508
198508
198508
198508
200556
198508
198508
198508
198508
198508
198508
198508
198508
198508
198508
198508
198508
198508
198508
198508
200556
198508
198508
198508
198508
198508
198508
198508
198508
198508
198508
198508
198508
198508
198508
198508
201556
198508
198508
198508
198508
198508
198508
198508
198508
198508
198508
198508
198508
198508
198508
198508
200556
198508
198508
198508
198508
198508
198508
198508
198508
198508
198508
198508
198508
198508
198508
198508
200556
198508
198508
198508
198508
198508
198508
198508
198508
198508
198508
198508
198508
198508
198508
198508
