8712
9324
9152
8700
9284
9292
8700
9104
9336
8460
9028
9036
9360
9288
9284
9408
9256
8432
8616
9104
9320
9364
8716
9352
9216
8524
9360
8468
8660
9204
9164
8524
8492
9200
9256
9328
9324
9284
8580
8688
9148
8472
9052
8580
9224
9104
9132
9204
8696
8700
8716
9324
9228
8712
8716
9120
8492
9128
8680
8524
9256
9188
9160
9408
8532
8716
8592
9284
9308
8536
8600
9228
9280
8432
8712
9316
8664
8488
8524
8960
8688
9092
8524
9216
9364
9308
8452
8900
9288
9200
9364
9236
9136
9052
8952
9004
8464
8664
8712
9204
9328
8468
9304
8492
9236
9104
8612
8936
8508
9284
8488
9068
9136
8532
8696
9288
8668
8512
8512
9352
9068
9356
9228
9360
9320
9052
8464
9284
8540
8712
8616
9372
8540
8532
9412
8720
8992
8612
9324
9396
8532
8960
9228
9204
8668
8640
8960
9284
9408
8716
8532
8448
9272
8676
8672
8524
8480
8692
9224
9216
