122572
102032
101400
101536
103064
103132
103112
105112
103044
103032
103124
103036
101476
101872
101908
101436
121784
102012
101784
101376
103144
103016
103016
103124
102992
103172
103132
102968
101772
101232
101228
101424
123332
101296
101448
101840
103076
103136
103012
103108
102976
103080
103128
103120
101572
101984
101920
101084
122960
101564
101452
101548
103016
103052
103128
103084
103096
103108
103120
103136
102108
101616
101588
101184
122436
102040
101188
101096
103144
103156
102988
103088
103088
102980
103132
103096
101444
101248
101732
101948
123436
101832
101352
101512
103008
103080
102984
103044
103064
103044
103000
103048
101468
101496
101528
101132
121892
101964
101892
101308
103028
103080
103080
102964
103044
102972
102960
102972
101256
101060
101808
101680
122440
101940
101416
101700
103120
103080
103088
103040
103108
102956
103004
102984
100968
101156
101096
101532
122088
101584
101244
102016
103068
103072
103132
102984
103104
102992
103124
103128
101328
101652
101460
101276
123352
101224
101736
101948
103152
103088
103084
103060
103072
103128
103052
103084
101548
101888
101376
101252
