10224
9396
9296
9128
9456
9388
9328
9564
9316
9356
9380
9296
9108
9348
9352
9440
9308
9340
9240
9336
9304
9428
9204
9416
9240
9292
9244
9100
9324
9452
9376
9384
9444
9452
9532
9320
9392
9240
9500
9312
9296
9232
9392
9276
9320
9220
9212
9088
9308
9380
9476
8976
9084
9440
9432
9284
9236
9396
9356
9360
9312
9428
9404
9484
9512
9440
9448
9092
9420
9452
9332
9544
9388
9252
9336
9292
9452
9380
9216
9428
9276
9460
9124
9108
9308
9396
9416
9204
9444
9484
9220
9188
9492
9440
9236
9104
9332
9504
9396
9296
9228
9292
9416
9388
9028
9380
9340
9248
9216
9444
9400
9140
9444
9372
9320
9092
9348
9336
9528
9336
9252
9436
9440
9348
9328
9364
9276
9284
9400
9412
9496
9600
9360
9272
9204
9080
9432
9308
9204
9356
9168
9416
9380
9376
9292
9312
9412
9380
9408
9196
9292
9376
9436
9508
9296
9084
9284
9268
9280
9424
