21944
23556
23592
23648
23504
23652
23600
23512
23512
23540
23516
23492
23596
23552
29588
23632
21980
23512
23556
29700
23588
23600
23480
23568
23564
23564
23624
23648
23556
23512
23592
23552
21908
29596
23504
29708
23556
23604
23544
23524
23572
23580
23516
23528
23632
23540
23572
23572
21980
23448
23588
23588
23540
23552
23524
23568
23616
23600
29716
29720
23628
23584
23480
25728
22060
23460
23516
23456
23628
23488
23572
23588
23560
23532
23420
23604
23484
23528
23604
23600
22004
23620
23572
23568
23584
23460
23520
23540
23428
23580
23436
23612
23516
23484
23572
23556
22020
31716
23528
23580
23520
23500
23524
23504
23532
23624
23488
23624
29688
23596
23476
23384
21948
23576
29716
23628
23584
23596
23480
23544
23432
23488
23436
23468
23592
23560
23484
23476
22028
29696
23500
23516
23480
23484
23588
23560
23456
23660
23412
23536
23504
23448
23616
23472
21940
23552
23572
23568
23476
23616
23648
23448
23540
23540
29664
23592
23452
23456
23560
23520
