16208
15540
15424
19652
19640
19776
19536
19592
25840
19780
19612
19812
19652
19668
15492
21788
15964
15496
19640
15568
19504
19672
19628
19700
19644
19552
19640
19676
19632
19732
15636
15704
16028
19716
15408
19632
19624
19760
19748
19804
19704
19584
19600
19560
19592
19744
19572
15416
15996
15560
15300
19660
19688
25988
19632
19556
19668
19736
19500
19704
19408
19640
15564
19740
16080
15512
19480
15472
19696
19592
19536
19700
19548
19628
19692
19664
19728
19664
15708
15720
16192
19896
19372
19684
19692
19808
19604
19724
19700
19876
19596
19696
19756
19880
15636
15728
16152
15620
15356
19592
19660
19572
19552
19684
19660
19640
19504
19600
19812
15660
19504
19748
15984
19452
19664
15676
19400
19764
19736
19668
19628
19636
19520
19664
19688
19432
19468
21760
16008
15484
15296
19596
19552
19828
19652
19788
19640
19840
19800
19832
19484
19728
19576
15728
16248
15632
19484
19576
19724
19784
19628
19752
19628
19584
19832
19888
19852
19640
15708
19940
