15128
14352
16476
14448
16680
14784
12532
14692
14512
15116
14528
14544
12428
14684
12572
14592
14740
16484
15124
16384
12552
16544
16588
14596
14516
14608
14560
15116
14304
16608
12492
16512
16548
12560
14632
16708
15084
16376
14596
12524
14500
16768
14524
14540
14652
15212
14456
16480
16484
14736
14660
16576
16556
14740
15084
16264
14360
16408
16596
14588
14356
14436
14572
15080
14300
14424
16632
12588
14588
14468
14532
14532
14984
14408
14452
16420
16644
16516
14464
14584
14632
15108
14428
16664
16568
14492
14640
16520
14608
14516
