14084
14060
13960
14072
14048
14044
14060
14080
13872
13940
14068
14096
13924
14084
14024
14120
13940
14012
13836
13900
13976
14132
13964
13928
14008
14116
14036
14024
13980
13948
13972
14036
14076
13912
14064
14116
14004
14036
14124
14152
14032
14008
14036
13900
13976
14028
13944
14084
13880
14028
14016
14040
14072
14100
14048
13972
14044
14104
13996
14020
13904
14092
13952
14140
14016
14020
13876
14080
14068
13996
14032
13980
14016
14104
14036
13976
13920
14132
14004
13888
14104
13988
13992
14008
14100
14164
13948
14040
14000
13988
14052
14032
14004
13896
14028
14128
13968
14040
13968
14100
14052
14000
14008
14052
14044
14052
13928
13956
14056
13900
14052
14104
14000
14004
14080
14092
14056
14072
13836
14096
14028
13928
14032
14080
14032
14060
14060
14104
14152
14100
14112
14052
14032
14060
14024
13996
13984
14064
14016
14012
14104
14064
14016
14160
14052
13956
14028
14072
13980
14088
14176
14100
14032
14040
13988
14060
13976
14052
14044
14056
