45520
39156
38892
38688
40104
40172
46252
40112
40164
40144
40020
46168
38808
45936
44420
38424
46116
39708
38396
39764
39980
46184
40144
46232
40096
40108
40168
46228
39072
38152
39044
38836
50408
38056
44740
44848
39988
40128
46284
40188
40092
46280
40088
40040
44760
38956
38776
44840
44396
38052
38324
39996
40136
40152
40004
40084
46296
40096
46220
40112
38612
38224
38856
44828
51404
38944
44768
39816
40032
40172
40172
40112
46276
46236
39948
40156
38552
39844
38616
39664
51344
38716
44660
45312
46204
40156
40028
40128
46132
40148
46172
40104
44836
45328
38736
39808
44940
38232
44456
39328
40132
40196
40120
40148
40068
40156
40140
40100
38608
46276
45192
39600
45488
40008
38216
39960
39984
39992
40196
40032
40064
40168
46248
40164
45284
39808
38028
39892
44720
39800
38484
39492
40012
40100
46272
40100
40028
40080
46148
46152
44880
46084
38344
39504
44688
39284
38564
44716
40068
40144
40156
40024
40140
40192
40136
46216
38860
39628
44752
39024
