9268
9272
8476
8684
8456
8672
8920
8480
8452
8472
8472
8560
9132
8676
9188
8444
9112
8476
8680
8668
9180
9136
8456
8680
9052
8664
8996
8664
8452
9144
8616
8676
8512
8472
9136
8680
9304
8684
8516
8704
8512
8988
8692
9072
8576
8460
8424
8476
9304
9232
8696
8452
9212
8568
9176
8524
8700
8596
9124
9084
8516
8504
8448
8692
9188
8696
8564
8604
8452
8480
8496
8468
9264
8492
9100
8692
9120
8576
9072
9344
9264
9052
8452
8600
9116
9152
9240
8520
9104
9088
9304
8452
8432
9092
9076
9204
9324
8492
8980
8436
9212
9092
9328
8672
8992
8700
8668
8556
8456
8692
8560
9080
8600
9116
9208
8520
8696
8520
9220
8516
9308
8668
8988
8916
8444
8504
9208
9164
9292
8432
9088
8432
9208
8472
8516
8568
8456
8680
8676
8472
9132
9036
9112
8644
9304
8512
8668
8456
9320
8680
9212
8452
8516
9188
8516
8692
8516
8940
8472
8452
