95156
94128
94084
94084
94084
94084
94084
94128
94084
94084
94084
94084
94084
94084
94084
94084
94084
94084
94084
94084
94084
94084
94084
94084
94084
94084
94084
94084
94084
94084
94084
94084
94084
94084
94128
94084
94084
94084
94128
94084
94084
94084
94084
94084
94084
94084
94084
94084
94084
94084
94084
94084
94084
94084
94084
94084
94084
94084
94084
94084
94084
94084
94084
94084
94128
94084
94084
94084
94084
94084
94084
94128
94084
94084
94084
94084
94084
94084
94084
94084
94084
94128
94084
94084
94084
94084
94084
94084
94084
94084
94084
94084
94084
94084
94084
94084
94084
94128
94084
94084
94084
94084
94084
94084
94084
94084
94084
94084
94084
94084
94084
94084
94128
94084
94084
94084
94084
94084
94128
94084
94084
94084
94084
94084
94084
94084
94084
94084
94128
94084
94084
94128
94084
94084
94084
94084
94084
94084
94084
94084
94084
94084
94084
94084
94084
94084
94084
94084
94084
94084
94084
94084
94084
94128
94084
94084
94084
94084
94084
94128
