8500
9308
9072
9316
9372
9328
9176
9316
9132
9348
9036
9384
9400
9028
9356
9364
9328
9164
9400
9260
9252
8940
9128
9264
9276
9128
9400
9396
9344
9252
9348
9124
9288
9368
9400
9076
9240
9396
9260
9404
9172
9288
9452
9184
9304
9104
9436
9184
9312
9300
9300
9268
9332
9388
9384
9252
9228
9244
9448
9380
9316
9400
9284
9340
8736
8720
9272
9380
9132
9248
9252
9376
9032
9236
9248
9328
9096
9348
9184
9412
8564
9136
9044
9272
9176
9324
9404
9368
9232
9376
9404
9248
9440
9444
9224
9312
9392
9332
9176
9384
9136
9248
9336
9312
9132
9152
9188
9384
9048
9428
9140
9232
8512
9284
9188
9064
9364
9332
9436
9240
9200
9248
9268
9420
9320
9056
9128
9076
9272
9324
9144
9396
9428
9344
9264
9424
9344
9384
9268
9160
9392
9016
9284
9360
9276
9372
9248
9160
9404
9076
9176
9400
9172
9352
9280
9304
9284
9180
9424
9388
